<?xml version="1.0" encoding="UTF-8" standalone="no"?>
<!DOCTYPE svg PUBLIC "-//W3C//DTD SVG 20010904//EN"
              "http://www.w3.org/TR/2001/REC-SVG-20010904/DTD/svg10.dtd">

<svg xmlns="http://www.w3.org/2000/svg"
     width="3.33333in" height="3.33333in"
     viewBox="0 0 1000 1000">
  <path id="Selection #1"
        fill="none" stroke="black" stroke-width="1"
        d="M 569.04,417.00
           C 569.04,417.00 569.04,406.00 569.04,406.00
             569.04,406.00 570.00,396.00 570.00,396.00
             570.00,396.00 571.09,374.00 571.09,374.00
             571.09,374.00 572.00,361.00 572.00,361.00
             572.01,358.66 571.95,356.26 572.65,354.00
             572.65,354.00 587.69,329.00 587.69,329.00
             590.35,324.55 593.74,317.58 598.04,314.73
             600.53,313.08 605.88,312.14 609.00,311.45
             612.80,310.27 617.30,309.04 620.79,311.45
             622.44,312.80 624.05,315.33 625.28,317.00
             635.27,330.56 632.56,330.57 639.00,343.00
             639.00,343.00 639.00,315.96 639.00,315.96
             639.00,315.96 651.00,315.96 651.00,315.96
             651.00,315.96 663.00,315.00 663.00,315.00
             663.00,315.00 726.00,315.00 726.00,315.00
             726.00,315.00 738.00,314.04 738.00,314.04
             738.00,314.04 751.00,314.04 751.00,314.04
             751.00,314.04 751.00,341.00 751.00,341.00
             751.00,341.00 750.01,348.26 750.01,348.26
             750.01,348.26 743.00,350.00 743.00,350.00
             743.00,350.00 695.00,350.00 695.00,350.00
             695.00,350.00 694.00,372.00 694.00,372.00
             694.00,372.00 739.00,372.00 739.00,372.00
             746.31,372.10 746.96,372.92 747.00,380.00
             747.00,380.00 747.00,402.00 747.00,402.00
             747.00,402.00 724.00,403.00 724.00,403.00
             724.00,403.00 695.00,403.00 695.00,403.00
             695.00,403.00 695.00,427.00 695.00,427.00
             695.00,427.00 715.00,427.00 715.00,427.00
             715.00,427.00 727.00,426.05 727.00,426.05
             727.00,426.05 747.00,426.05 747.00,426.05
             748.95,426.04 751.63,425.90 752.98,427.60
             754.23,429.19 754.00,433.01 754.00,435.00
             754.00,435.00 754.00,454.00 754.00,454.00
             754.00,455.99 754.23,459.81 752.98,461.40
             751.41,463.38 747.30,463.00 745.00,463.00
             745.00,463.00 696.00,463.00 696.00,463.00
             696.00,463.00 680.00,464.00 680.00,464.00
             680.00,464.00 654.00,464.00 654.00,464.00
             648.92,464.02 640.30,467.12 639.05,459.98
             639.05,459.98 639.05,455.00 639.05,455.00
             639.05,455.00 639.05,411.00 639.05,411.00
             639.00,404.23 639.75,393.16 638.00,387.00
             638.00,387.00 619.50,441.00 619.50,441.00
             617.87,445.72 611.51,465.05 609.30,467.85
             606.04,471.98 600.66,470.95 596.00,470.99
             591.37,471.06 583.89,472.98 580.02,470.99
             575.59,468.68 575.24,464.30 570.95,463.35
             570.95,463.35 558.00,464.00 558.00,464.00
             558.00,464.00 527.00,464.00 527.00,464.00
             518.65,463.99 518.14,464.41 515.92,451.00
             515.92,451.00 513.17,431.00 513.17,431.00
             512.75,426.78 513.07,422.95 510.72,419.09
             506.39,411.97 498.15,413.00 491.00,413.00
             491.00,413.00 491.00,458.00 491.00,458.00
             490.86,465.49 488.74,464.99 482.00,465.00
             482.00,465.00 433.00,465.00 433.00,465.00
             433.00,465.00 433.00,351.00 433.00,351.00
             433.00,351.00 433.00,325.00 433.00,325.00
             433.00,323.01 432.77,319.19 434.02,317.60
             435.59,315.62 439.70,316.00 442.00,316.00
             442.00,316.00 503.00,316.00 503.00,316.00
             514.76,316.00 530.79,315.27 542.00,317.67
             559.92,321.50 571.98,335.21 570.91,354.00
             570.02,369.50 559.02,383.62 544.00,388.00
             544.00,388.00 544.00,390.00 544.00,390.00
             559.84,394.53 562.37,404.22 569.04,417.00 Z
           M 572.00,449.00
           C 572.00,449.00 588.00,449.00 588.00,449.00
             590.15,449.00 593.71,449.23 595.49,447.98
             597.43,446.62 599.11,441.30 599.95,439.00
             599.95,439.00 608.05,417.00 608.05,417.00
             608.05,417.00 621.42,381.00 621.42,381.00
             623.01,376.78 627.54,365.86 627.73,362.00
             627.91,358.25 623.09,340.87 621.87,336.00
             621.02,332.59 617.63,316.24 616.07,314.64
             613.38,311.89 601.03,315.99 598.53,318.42
             596.12,320.75 588.86,333.36 586.69,337.00
             582.02,344.84 575.13,352.50 575.00,362.00
             575.00,362.00 572.00,414.00 572.00,414.00
             572.00,414.00 571.00,429.00 571.00,429.00
             571.00,429.00 572.00,449.00 572.00,449.00 Z
           M 340.00,316.00
           C 340.00,316.00 340.00,359.00 340.00,359.00
             340.00,359.00 340.00,389.00 340.00,389.00
             340.00,396.97 338.62,415.79 342.72,421.98
             348.19,430.22 356.13,429.05 360.99,421.00
             363.22,417.31 362.99,414.11 363.00,410.00
             363.00,410.00 363.00,337.00 363.00,337.00
             363.00,337.00 363.00,321.00 363.00,321.00
             363.04,319.05 362.90,316.37 364.60,315.02
             366.19,313.77 370.01,314.00 372.00,314.00
             372.00,314.00 415.00,314.00 415.00,314.00
             423.15,314.15 422.99,316.78 423.00,324.00
             423.00,324.00 423.00,412.00 423.00,412.00
             422.98,425.56 419.60,439.93 409.91,449.96
             401.60,458.56 389.52,463.28 378.00,465.60
             352.86,470.66 319.03,468.19 299.04,450.56
             281.72,435.28 282.00,414.92 282.00,394.00
             282.00,394.00 282.00,354.00 282.00,354.00
             282.00,343.07 281.20,325.07 283.00,315.00
             296.07,315.00 329.15,314.06 340.00,316.00 Z
           M 138.00,315.96
           C 138.00,315.96 154.00,315.96 154.00,315.96
             154.00,315.96 166.00,315.00 166.00,315.00
             166.00,315.00 226.00,315.00 226.00,315.00
             236.46,315.02 253.86,318.38 261.83,325.39
             268.72,331.45 272.40,343.03 272.91,352.00
             273.57,363.64 267.63,372.48 259.00,379.68
             255.16,382.88 251.55,384.38 248.00,388.00
             252.88,388.77 255.75,389.89 260.00,392.46
             277.65,403.16 282.48,427.07 270.37,444.00
             266.68,449.14 261.46,453.44 256.00,456.57
             240.91,465.23 222.86,465.00 206.00,465.00
             206.00,465.00 140.00,465.00 140.00,465.00
             140.00,465.00 138.00,433.00 138.00,433.00
             138.00,433.00 138.00,315.96 138.00,315.96 Z
           M 761.00,465.00
           C 761.00,465.00 760.00,416.00 760.00,416.00
             760.00,416.00 760.00,325.00 760.00,325.00
             760.00,323.06 759.75,319.28 760.99,317.74
             762.49,315.89 765.85,316.04 768.00,316.00
             768.00,316.00 785.00,315.00 785.00,315.00
             813.14,314.96 857.19,312.66 881.00,328.75
             890.52,335.18 896.66,345.57 900.99,356.00
             909.87,377.42 908.57,408.70 897.13,429.00
             891.24,439.44 884.91,445.84 875.00,452.48
             861.11,461.80 842.51,464.97 826.00,465.00
             826.00,465.00 761.00,465.00 761.00,465.00 Z
           M 246.00,391.00
           C 246.15,379.54 250.16,384.14 260.96,372.99
             267.99,365.73 269.40,359.78 268.96,350.00
             268.08,330.42 254.76,322.24 237.00,319.44
             222.17,317.09 195.94,317.98 180.00,318.00
             180.00,318.00 168.00,318.96 168.00,318.96
             168.00,318.96 156.00,318.96 156.00,318.96
             156.00,318.96 142.00,320.00 142.00,320.00
             142.00,320.00 142.00,447.00 142.00,447.00
             142.00,447.00 143.00,461.00 143.00,461.00
             143.00,461.00 207.00,461.00 207.00,461.00
             223.16,461.00 238.10,462.03 253.00,454.11
             258.77,451.04 264.47,446.54 268.03,441.00
             277.90,425.68 273.80,405.03 258.00,395.48
             254.28,393.23 250.26,391.77 246.00,391.00 Z
           M 419.00,318.00
           C 419.00,318.00 367.00,318.00 367.00,318.00
             367.00,318.00 367.00,410.00 367.00,410.00
             366.89,419.07 362.02,431.85 351.00,431.51
             337.87,431.12 336.02,414.92 336.00,405.00
             336.00,405.00 336.00,319.00 336.00,319.00
             336.00,319.00 286.00,319.00 286.00,319.00
             286.00,319.00 286.00,396.00 286.00,396.00
             286.00,415.22 284.92,431.85 300.17,446.71
             316.82,462.93 340.20,464.25 362.00,464.00
             392.62,463.64 418.95,448.42 419.00,415.00
             419.00,415.00 419.00,318.00 419.00,318.00 Z
           M 748.00,318.00
           C 748.00,318.00 702.00,318.00 702.00,318.00
             702.00,318.00 685.00,319.00 685.00,319.00
             685.00,319.00 643.00,319.00 643.00,319.00
             643.00,319.00 643.00,349.00 643.00,349.00
             643.00,349.00 645.71,365.00 645.71,365.00
             645.71,365.00 643.00,382.00 643.00,382.00
             643.00,382.00 643.00,461.00 643.00,461.00
             643.00,461.00 657.00,461.00 657.00,461.00
             657.00,461.00 672.00,460.00 672.00,460.00
             672.00,460.00 698.00,460.00 698.00,460.00
             698.00,460.00 715.00,459.00 715.00,459.00
             715.00,459.00 731.00,459.00 731.00,459.00
             731.00,459.00 750.00,460.00 750.00,460.00
             750.00,460.00 750.00,429.00 750.00,429.00
             750.00,429.00 734.00,430.00 734.00,430.00
             734.00,430.00 717.00,430.00 717.00,430.00
             717.00,430.00 704.00,430.99 704.00,430.99
             689.25,431.31 690.98,423.30 691.00,412.00
             691.01,408.57 690.67,404.96 693.31,402.31
             696.51,399.12 703.68,400.01 708.00,400.00
             708.00,400.00 721.00,399.02 721.00,399.02
             721.00,399.02 736.00,399.02 736.00,399.02
             738.15,398.97 741.52,399.11 743.01,397.26
             744.25,395.72 744.00,391.94 744.00,390.00
             744.00,390.00 744.00,376.00 744.00,376.00
             744.00,376.00 702.00,376.00 702.00,376.00
             689.09,375.91 690.01,369.92 690.93,360.00
             691.28,356.17 691.39,351.19 694.31,348.31
             697.00,345.67 700.54,346.01 704.00,346.00
             704.00,346.00 748.00,346.00 748.00,346.00
             748.00,346.00 748.00,318.00 748.00,318.00 Z
           M 763.00,320.00
           C 763.00,320.00 763.00,428.00 763.00,428.00
             763.00,428.00 763.00,452.00 763.00,452.00
             763.00,453.99 762.77,457.81 764.02,459.40
             765.59,461.38 769.70,461.00 772.00,461.00
             772.00,461.00 818.00,461.00 818.00,461.00
             834.95,461.00 851.51,460.85 867.00,453.03
             895.96,438.42 903.35,411.97 903.00,382.00
             902.92,375.27 901.43,368.38 899.33,362.00
             895.62,350.73 888.94,338.61 878.99,331.75
             866.39,323.07 843.20,319.07 828.00,319.00
             828.00,319.00 763.00,320.00 763.00,320.00 Z
           M 571.00,460.00
           C 568.70,452.99 567.06,454.33 567.00,446.00
             566.91,432.13 567.44,419.56 560.12,407.00
             557.06,401.75 554.22,398.97 549.00,395.87
             546.00,394.10 541.55,392.47 542.37,388.09
             543.04,384.54 551.87,380.30 555.00,377.68
             563.03,370.95 566.88,364.50 567.00,354.00
             567.27,329.68 551.62,320.04 529.00,320.00
             529.00,320.00 437.00,320.00 437.00,320.00
             437.00,320.00 437.00,461.00 437.00,461.00
             437.00,461.00 487.00,461.00 487.00,461.00
             487.00,461.00 487.00,422.00 487.00,422.00
             487.01,418.34 486.69,415.10 489.31,412.15
             495.02,405.71 508.73,409.97 513.15,416.09
             516.91,421.30 516.58,427.95 517.17,434.00
             517.17,434.00 521.00,460.00 521.00,460.00
             521.00,460.00 571.00,460.00 571.00,460.00 Z
           M 624.00,320.00
           C 622.61,324.20 624.59,328.84 625.63,333.00
             625.63,333.00 632.33,361.00 632.33,361.00
             632.46,364.85 625.95,380.39 624.19,385.00
             624.19,385.00 605.19,436.00 605.19,436.00
             603.51,440.43 600.86,450.70 596.87,452.98
             594.74,454.20 591.41,454.00 589.00,454.00
             589.00,454.00 574.00,454.00 574.00,454.00
             574.68,457.28 578.30,466.31 581.14,467.98
             583.34,469.26 587.46,469.00 590.00,469.00
             593.09,469.00 603.21,468.57 605.50,466.98
             607.81,465.38 609.43,459.68 610.33,457.00
             610.33,457.00 619.27,432.00 619.27,432.00
             619.27,432.00 631.68,397.00 631.68,397.00
             634.81,388.52 638.96,380.15 639.00,371.00
             639.00,371.00 639.00,360.00 639.00,360.00
             638.98,347.05 630.26,331.19 624.00,320.00 Z
           M 195.00,340.57
           C 203.30,339.06 215.54,340.73 221.44,347.33
             228.27,354.95 229.54,376.42 209.00,382.07
             203.94,383.47 194.77,385.47 190.65,381.35
             188.12,378.82 188.05,375.34 188.00,372.00
             187.93,366.63 187.25,348.98 189.31,345.05
             190.80,342.23 192.24,341.69 195.00,340.57 Z
           M 815.02,340.74
           C 817.62,340.10 818.32,340.04 821.00,340.00
             826.69,339.93 831.69,340.16 837.00,342.53
             841.79,344.66 846.01,348.48 848.64,353.00
             855.97,365.61 855.91,392.82 853.20,407.00
             850.98,418.57 846.13,431.63 834.00,436.03
             828.75,437.94 814.52,439.64 810.60,434.72
             808.62,432.25 808.04,423.33 808.00,420.00
             808.00,420.00 808.00,389.00 808.00,389.00
             808.00,389.00 807.00,374.00 807.00,374.00
             806.88,363.18 804.15,346.72 815.02,340.74 Z
           M 491.11,341.74
           C 499.34,339.66 514.62,342.01 520.79,348.21
             531.18,358.64 524.70,376.19 512.00,381.52
             507.09,383.59 492.52,386.86 488.60,382.43
             486.97,380.59 487.05,378.30 487.00,376.00
             487.00,376.00 487.00,351.00 487.00,351.00
             487.07,346.28 486.92,344.39 491.11,341.74 Z
           M 198.00,343.35
           C 195.90,343.98 194.31,344.22 193.02,346.28
             191.79,348.23 192.00,351.73 192.00,354.00
             192.00,354.00 192.00,371.00 192.00,371.00
             192.02,373.35 191.81,376.61 193.60,378.40
             195.64,380.44 200.36,380.08 203.00,379.70
             215.12,377.96 222.54,371.82 221.96,359.00
             221.82,355.92 221.38,353.58 219.49,351.04
             214.99,344.98 205.20,342.65 198.00,343.35 Z
           M 601.00,342.00
           C 601.00,342.00 603.00,342.00 603.00,342.00
             603.00,342.00 603.00,353.00 603.00,353.00
             607.81,353.00 611.20,351.87 613.00,357.00
             610.63,357.00 606.28,356.72 604.31,358.02
             601.14,360.12 600.97,370.04 600.00,374.00
             600.00,374.00 597.06,372.41 597.06,372.41
             597.06,372.41 598.00,357.00 598.00,357.00
             593.24,356.98 591.57,357.52 588.00,354.00
             592.57,351.59 594.02,352.00 599.00,352.00
             599.00,352.00 601.00,342.00 601.00,342.00 Z
           M 816.10,344.60
           C 810.62,348.00 811.01,352.17 811.00,358.00
             811.00,358.00 811.00,392.00 811.00,392.00
             811.00,392.00 812.00,407.00 812.00,407.00
             812.00,407.00 812.00,424.00 812.00,424.00
             812.01,431.22 811.85,433.85 820.00,434.00
             824.43,434.08 828.80,434.04 833.00,432.44
             851.72,425.29 851.19,395.45 851.00,379.00
             850.90,371.15 849.06,359.43 844.36,353.01
             837.89,344.17 826.27,342.34 816.10,344.60 Z
           M 491.00,381.00
           C 498.35,381.00 507.70,380.56 514.00,376.30
             522.57,370.51 525.65,356.55 516.90,349.64
             509.70,343.95 499.60,345.00 491.00,345.00
             489.65,355.27 489.18,370.87 491.00,381.00 Z
           M 195.13,395.74
           C 202.71,393.80 217.06,395.22 222.61,401.21
             230.27,409.48 230.82,429.44 216.00,435.89
             211.28,437.95 197.67,440.81 193.43,437.26
             190.11,434.49 190.02,427.99 190.00,424.00
             189.96,415.96 187.75,400.54 195.13,395.74 Z
           M 197.28,398.60
           C 192.40,402.29 194.00,410.49 194.00,416.00
             194.00,419.42 193.37,431.13 195.17,433.43
             197.93,436.93 211.41,434.19 215.00,432.43
             224.97,427.54 227.53,411.28 219.61,403.39
             215.45,399.25 202.86,397.29 197.28,398.60 Z
           M 372.00,566.00
           C 371.98,568.32 372.08,570.79 371.27,573.00
             369.01,579.09 355.61,591.91 350.00,595.44
             345.62,598.21 338.96,600.37 334.02,597.83
             325.70,593.55 323.82,579.39 324.01,571.00
             324.52,548.88 341.29,517.41 354.37,500.00
             358.68,494.28 368.91,482.29 375.98,480.70
             380.13,479.77 380.94,482.56 381.32,486.00
             381.91,491.51 380.16,499.79 378.30,505.00
             372.64,520.86 361.02,537.09 350.39,550.00
             344.09,557.64 335.39,563.66 340.01,575.00
             347.54,593.53 362.50,571.55 372.00,566.00 Z
           M 377.00,485.00
           C 370.55,487.53 362.95,494.76 360.00,501.00
             370.18,493.98 367.23,494.47 376.00,499.00
             376.00,499.00 377.00,485.00 377.00,485.00 Z
           M 176.00,527.00
           C 171.92,519.37 161.60,508.56 161.60,501.00
             161.60,493.33 169.01,484.44 176.98,487.07
             180.63,488.27 182.08,490.97 184.00,494.00
             190.00,483.38 202.76,484.72 203.50,495.00
             204.21,504.93 193.27,512.04 187.00,518.04
             183.03,521.84 181.11,524.58 176.00,527.00 Z
           M 177.00,521.00
           C 182.07,517.78 194.09,507.74 197.35,503.00
             199.31,500.15 200.95,495.52 198.82,492.31
             194.46,485.74 186.17,496.29 184.81,496.84
             179.73,498.87 179.82,490.21 173.98,490.37
             168.63,490.52 164.77,497.10 165.25,502.00
             165.78,507.31 173.72,516.14 177.00,521.00 Z
           M 370.00,499.00
           C 364.57,501.57 361.91,505.04 358.70,510.00
             353.25,518.42 344.89,536.09 344.00,546.00
             352.18,539.86 362.21,523.44 366.68,514.00
             369.02,509.05 371.10,504.50 370.00,499.00 Z
           M 360.00,501.00
           C 360.00,501.00 359.00,501.00 359.00,501.00
             359.00,501.00 360.00,502.00 360.00,502.00
             360.00,502.00 360.00,501.00 360.00,501.00 Z
           M 359.00,502.00
           C 359.00,502.00 358.00,502.00 358.00,502.00
             358.00,502.00 359.00,503.00 359.00,503.00
             359.00,503.00 359.00,502.00 359.00,502.00 Z
           M 357.00,505.00
           C 357.00,505.00 356.00,505.00 356.00,505.00
             356.00,505.00 357.00,506.00 357.00,506.00
             357.00,506.00 357.00,505.00 357.00,505.00 Z
           M 355.00,508.00
           C 355.00,508.00 354.00,508.00 354.00,508.00
             354.00,508.00 355.00,509.00 355.00,509.00
             355.00,509.00 355.00,508.00 355.00,508.00 Z
           M 711.00,507.00
           C 712.96,512.57 707.39,519.04 705.00,524.00
             705.00,524.00 709.00,524.00 709.00,524.00
             709.00,524.00 699.00,536.00 699.00,536.00
             699.00,536.00 704.00,536.00 704.00,536.00
             704.00,536.00 700.00,538.17 700.00,538.17
             691.39,541.87 696.30,532.02 698.00,529.00
             698.00,529.00 688.00,530.02 688.00,530.02
             688.00,530.02 673.00,541.00 673.00,541.00
             676.40,534.75 679.95,533.70 685.00,529.00
             685.00,529.00 680.00,528.00 680.00,528.00
             685.35,521.30 685.86,525.54 691.00,522.39
             691.00,522.39 700.00,514.67 700.00,514.67
             700.00,514.67 711.00,507.00 711.00,507.00 Z
           M 722.77,538.00
           C 722.37,535.32 721.95,533.80 722.77,531.00
             724.04,523.94 734.61,510.05 741.00,507.00
             738.75,518.03 728.21,523.57 725.00,533.00
             725.00,533.00 738.00,522.00 738.00,522.00
             738.73,527.58 736.12,528.53 734.00,534.00
             744.26,530.47 739.10,525.07 752.00,522.00
             754.29,526.98 754.29,528.02 752.00,533.00
             757.33,530.60 757.74,526.02 760.00,521.00
             760.00,521.00 769.00,522.00 769.00,522.00
             768.50,528.21 766.80,528.66 764.00,534.00
             772.05,532.31 772.03,527.58 775.00,521.00
             775.00,521.00 784.00,522.00 784.00,522.00
             783.50,528.21 781.80,528.66 779.00,534.00
             789.84,531.69 784.81,525.56 795.00,522.00
             793.88,528.96 790.38,529.62 790.42,532.26
             790.51,537.19 796.84,531.37 797.77,530.24
             806.94,519.21 805.53,515.05 812.00,509.00
             811.71,520.51 805.46,523.03 804.37,528.99
             804.14,530.24 804.25,531.49 805.14,532.48
             807.96,535.64 812.06,529.82 813.59,527.96
             815.93,525.13 817.04,524.14 820.00,522.00
             820.70,527.72 817.23,529.46 814.00,534.00
             814.00,534.00 829.00,522.00 829.00,522.00
             829.27,528.62 824.02,534.36 821.00,540.00
             821.00,540.00 828.74,532.00 828.74,532.00
             832.90,526.95 832.15,524.39 839.00,522.00
             837.88,528.96 834.38,529.62 834.42,532.26
             834.45,533.92 836.48,534.73 838.81,533.21
             843.35,530.23 841.64,526.27 849.00,524.00
             849.00,524.00 844.00,532.00 844.00,532.00
             844.00,532.00 858.00,522.00 858.00,522.00
             858.48,527.64 855.77,529.22 853.00,534.00
             862.44,530.77 861.76,523.33 874.00,521.00
             870.01,528.56 865.25,525.56 862.00,535.00
             869.26,532.52 870.10,528.43 876.00,524.00
             876.67,529.24 875.00,531.29 873.00,536.00
             873.00,536.00 878.00,534.00 878.00,534.00
             878.00,534.00 860.00,551.00 860.00,551.00
             862.01,541.13 866.12,543.70 871.00,533.00
             865.82,537.87 862.52,541.37 859.00,533.00
             859.00,533.00 850.00,539.00 850.00,539.00
             850.00,539.00 853.00,528.00 853.00,528.00
             853.00,528.00 843.00,538.00 843.00,538.00
             843.00,538.00 842.00,535.00 842.00,535.00
             836.84,537.70 832.38,541.19 831.00,533.00
             831.00,533.00 815.00,550.00 815.00,550.00
             815.43,542.26 818.46,539.61 822.00,533.00
             822.00,533.00 814.00,539.00 814.00,539.00
             814.00,539.00 811.00,533.00 811.00,533.00
             801.87,541.15 808.76,545.42 797.00,551.00
             793.99,543.59 796.35,541.32 798.00,534.00
             793.44,537.68 788.43,541.50 787.00,533.00
             787.00,533.00 777.00,539.00 777.00,539.00
             775.88,533.24 777.00,531.87 780.00,527.00
             780.00,527.00 762.00,539.00 762.00,539.00
             760.88,533.24 762.00,531.87 765.00,527.00
             755.52,530.23 745.53,545.84 740.00,533.00
             740.00,533.00 731.00,539.00 731.00,539.00
             731.15,533.31 731.45,533.06 734.00,528.00
             734.00,528.00 725.00,538.00 725.00,538.00
             725.00,538.00 722.77,538.00 722.77,538.00 Z
           M 354.00,509.00
           C 354.00,509.00 352.00,514.00 352.00,514.00
             352.00,514.00 354.00,509.00 354.00,509.00 Z
           M 708.00,512.00
           C 702.14,514.28 696.74,518.26 694.00,524.00
             703.19,523.88 704.19,519.92 708.00,512.00 Z
           M 351.00,514.00
           C 347.00,517.75 345.08,522.26 342.42,527.00
             336.26,538.00 327.28,561.41 328.18,574.00
             328.80,582.71 331.40,598.86 344.00,593.64
             345.45,593.04 347.69,591.79 348.98,590.90
             351.45,589.21 352.20,588.29 354.00,586.00
             340.08,588.45 334.70,579.87 335.01,567.00
             335.19,559.69 342.25,535.45 345.20,528.00
             345.20,528.00 351.00,514.00 351.00,514.00 Z
           M 751.00,525.00
           C 751.00,525.00 750.00,525.00 750.00,525.00
             750.00,525.00 751.00,526.00 751.00,526.00
             751.00,526.00 751.00,525.00 751.00,525.00 Z
           M 573.00,567.00
           C 572.74,575.29 569.68,577.32 564.00,583.00
             555.26,591.74 546.10,599.99 533.00,599.97
             529.37,599.97 526.08,599.39 523.02,597.30
             514.36,591.40 513.89,581.38 514.00,572.00
             514.24,551.65 539.84,526.33 560.00,525.09
             572.28,524.34 574.67,533.46 569.59,543.00
             564.82,551.96 552.83,559.57 544.00,564.22
             541.14,565.72 532.39,569.07 531.11,571.39
             529.34,574.62 532.31,582.77 539.00,584.39
             544.86,585.81 553.33,581.16 558.00,577.97
             558.00,577.97 573.00,567.00 573.00,567.00 Z
           M 750.00,526.00
           C 744.90,528.47 743.64,530.43 743.00,536.00
             749.50,535.22 749.04,533.21 750.00,526.00 Z
           M 735.00,527.00
           C 735.00,527.00 734.00,527.00 734.00,527.00
             734.00,527.00 735.00,528.00 735.00,528.00
             735.00,528.00 735.00,527.00 735.00,527.00 Z
           M 439.00,567.00
           C 438.90,574.99 434.76,579.11 427.00,581.36
             423.51,582.38 421.36,581.48 418.00,583.60
             414.18,586.01 408.48,593.77 400.00,596.21
             384.20,600.77 376.11,584.08 375.59,571.00
             374.94,554.53 392.86,535.80 407.00,529.68
             414.27,526.53 431.29,523.44 427.00,537.00
             439.16,543.19 428.87,563.01 425.00,572.00
             431.53,572.89 433.39,569.87 439.00,567.00 Z
           M 558.00,549.00
           C 564.76,545.51 572.42,531.75 563.94,529.44
             560.48,528.50 554.25,530.50 551.00,531.87
             540.22,536.42 529.32,546.16 523.09,556.00
             514.38,569.77 515.13,599.63 537.00,595.53
             539.84,595.00 542.42,594.01 545.00,592.72
             548.82,590.82 551.15,589.17 554.00,586.00
             548.77,587.19 543.46,589.83 538.00,588.61
             520.57,584.69 525.62,559.28 533.53,549.00
             535.60,546.31 540.41,541.45 543.00,539.18
             546.71,535.93 555.77,529.17 560.26,534.43
             561.55,535.94 561.94,538.07 561.74,540.00
             561.44,542.75 559.24,546.40 558.00,549.00 Z
           M 200.00,572.00
           C 209.12,565.47 219.36,549.74 237.00,536.63
             240.19,534.26 248.51,527.71 252.61,530.06
             255.79,531.89 257.30,539.72 256.23,543.00
             254.67,547.77 243.68,557.89 238.32,568.00
             238.32,568.00 236.67,572.00 236.67,572.00
             235.95,573.72 235.49,575.88 236.67,577.39
             239.88,580.82 247.35,575.16 250.00,573.25
             250.00,573.25 260.00,566.00 260.00,566.00
             259.99,568.50 260.21,571.60 258.98,573.83
             257.92,575.74 253.77,579.29 252.00,581.01
             246.83,586.06 242.12,590.91 236.00,594.90
             231.54,597.81 224.90,601.06 220.74,595.72
             218.66,593.05 218.78,587.26 219.18,584.00
             220.11,576.56 230.06,561.45 234.00,554.00
             226.82,558.19 218.08,567.47 212.80,574.00
             212.80,574.00 203.40,586.00 203.40,586.00
             202.00,587.74 199.47,591.04 197.71,592.26
             187.97,598.99 185.79,578.38 185.59,573.00
             185.19,561.99 192.98,551.08 199.92,543.04
             203.34,539.08 213.43,530.46 218.30,537.31
             220.84,540.90 216.24,545.49 214.05,548.00
             208.42,554.43 199.22,562.87 200.00,572.00 Z
           M 182.00,566.00
           C 181.99,568.64 182.15,571.51 181.15,574.00
             177.86,582.14 161.23,596.89 152.00,597.80
             137.32,599.25 134.95,580.64 135.00,570.00
             135.02,566.48 134.99,564.44 136.05,561.00
             139.08,551.21 151.29,534.69 161.00,531.13
             167.64,528.70 175.07,530.29 171.65,539.00
             168.42,547.22 162.08,553.83 156.00,560.00
             153.77,562.27 150.87,564.98 149.74,568.00
             147.52,573.92 151.83,579.55 158.00,579.63
             162.01,579.68 166.75,576.80 170.00,574.64
             170.00,574.64 182.00,566.00 182.00,566.00 Z
           M 424.00,532.00
           C 406.35,527.72 385.31,548.09 380.56,564.00
             379.85,567.28 379.76,572.63 380.56,576.00
             380.73,578.44 381.87,581.81 382.99,584.00
             391.29,600.12 406.22,590.83 414.00,580.00
             407.98,582.55 402.92,587.82 396.00,587.82
             379.46,587.81 383.41,568.00 389.47,559.00
             397.96,546.39 413.12,541.16 424.00,532.00 Z
           M 872.00,532.00
           C 872.00,532.00 871.00,532.00 871.00,532.00
             871.00,532.00 872.00,533.00 872.00,533.00
             872.00,533.00 872.00,532.00 872.00,532.00 Z
           M 510.00,566.00
           C 509.93,568.08 510.01,570.00 508.98,571.91
             506.73,576.05 499.63,579.63 495.00,579.85
             490.15,580.17 488.26,578.20 485.00,579.85
             477.65,583.43 464.31,607.17 451.18,595.61
             448.18,592.97 445.99,588.76 444.75,585.00
             439.92,570.40 445.75,556.75 454.48,545.00
             459.24,538.59 466.56,528.57 475.87,533.01
             481.73,535.80 477.00,543.34 474.65,547.00
             472.01,551.12 468.16,556.42 464.83,559.96
             460.69,564.38 458.14,564.72 456.62,571.00
             455.87,574.10 454.47,579.89 457.51,582.16
             461.29,584.97 468.27,577.91 471.00,575.57
             485.74,562.95 477.47,557.84 493.18,540.00
             495.14,537.78 499.16,533.48 501.98,532.66
             510.03,530.31 507.34,542.29 506.11,546.00
             504.45,551.02 501.98,555.56 499.14,560.00
             497.86,561.99 495.01,565.49 495.25,567.89
             495.98,575.31 507.22,567.18 510.00,566.00 Z
           M 168.00,534.00
           C 159.54,534.90 154.77,539.52 149.67,546.00
             140.98,557.03 136.44,566.84 140.16,581.00
             140.86,583.67 142.06,587.71 143.70,589.89
             151.27,599.99 166.07,586.74 171.00,580.00
             167.38,581.21 163.77,583.09 160.00,583.67
             153.02,584.75 145.78,580.16 144.62,573.00
             143.60,566.68 148.98,561.08 153.00,557.00
             159.32,550.59 166.94,543.39 168.00,534.00 Z
           M 251.22,534.00
           C 243.14,535.65 234.82,543.55 229.00,548.92
             225.28,552.34 223.28,553.28 221.00,558.00
             221.00,558.00 231.00,550.55 231.00,550.55
             231.00,550.55 246.00,542.00 246.00,542.00
             240.98,551.37 226.14,574.69 223.79,583.00
             223.41,584.34 223.18,585.60 223.11,587.00
             222.32,602.47 239.29,587.76 243.00,583.00
             233.85,584.18 229.01,578.89 232.48,570.00
             234.81,564.03 240.36,556.97 244.42,552.00
             246.65,549.29 250.41,545.28 251.22,542.00
             252.31,539.20 251.66,536.73 251.22,534.00 Z
           M 475.00,537.00
           C 467.19,535.30 464.43,539.14 459.89,545.00
             453.46,553.30 446.42,564.04 447.09,575.00
             447.65,584.12 453.35,600.19 465.00,592.06
             468.24,589.79 471.20,586.78 474.00,584.00
             478.31,579.70 481.07,577.45 484.00,572.00
             487.75,574.12 490.65,576.39 495.00,575.00
             495.00,575.00 488.00,567.00 488.00,567.00
             496.71,559.19 501.08,547.99 504.00,537.00
             496.00,539.86 488.94,552.30 485.93,560.00
             485.93,560.00 483.02,569.00 483.02,569.00
             481.11,572.50 476.09,576.78 473.00,579.42
             469.29,582.59 463.40,588.59 458.02,587.40
             448.91,585.38 450.62,570.96 453.98,565.04
             455.11,563.06 456.39,562.07 458.02,560.58
             465.38,553.82 471.02,546.18 475.00,537.00 Z
           M 558.00,536.00
           C 545.89,537.98 533.30,550.69 532.00,563.00
             543.50,559.71 557.29,548.63 558.00,536.00 Z
           M 799.00,547.00
           C 800.42,546.22 801.06,546.16 802.15,544.71
             806.97,538.25 798.62,534.22 798.30,543.00
             798.24,544.70 798.60,545.46 799.00,547.00 Z
           M 215.00,539.00
           C 206.81,539.92 203.53,544.60 199.04,551.00
             196.65,554.39 192.08,561.23 190.85,565.00
             188.41,572.48 190.50,583.14 194.00,590.00
             198.39,586.34 204.76,578.24 207.00,573.00
             205.37,573.81 202.84,575.29 201.02,575.27
             195.61,575.22 194.73,569.03 196.36,565.00
             200.39,555.09 211.22,547.02 215.00,539.00 Z
           M 418.00,541.00
           C 409.65,545.07 395.60,554.67 391.42,563.00
             388.04,569.77 384.58,584.93 397.00,583.75
             401.45,583.32 407.19,579.32 411.00,577.00
             405.65,558.50 414.06,554.52 418.00,541.00 Z
           M 425.00,578.00
           C 423.40,575.62 420.97,573.01 421.28,570.00
             421.64,566.51 427.55,559.55 427.96,549.00
             428.03,547.26 428.11,544.03 426.99,542.61
             423.99,538.84 420.39,546.00 419.31,548.00
             416.05,554.00 409.16,571.77 416.51,576.98
             418.37,578.30 422.71,578.00 425.00,578.00 Z
           M 558.00,549.00
           C 558.00,549.00 557.00,549.00 557.00,549.00
             557.00,549.00 558.00,550.00 558.00,550.00
             558.00,550.00 558.00,549.00 558.00,549.00 Z
           M 235.00,553.00
           C 235.00,553.00 234.00,553.00 234.00,553.00
             234.00,553.00 235.00,554.00 235.00,554.00
             235.00,554.00 235.00,553.00 235.00,553.00 Z
           M 221.00,558.00
           C 221.00,558.00 220.00,558.00 220.00,558.00
             220.00,558.00 221.00,559.00 221.00,559.00
             221.00,559.00 221.00,558.00 221.00,558.00 Z
           M 220.00,559.00
           C 220.00,559.00 219.00,559.00 219.00,559.00
             219.00,559.00 220.00,560.00 220.00,560.00
             220.00,560.00 220.00,559.00 220.00,559.00 Z
           M 219.00,560.00
           C 219.00,560.00 218.00,560.00 218.00,560.00
             218.00,560.00 219.00,561.00 219.00,561.00
             219.00,561.00 219.00,560.00 219.00,560.00 Z
           M 218.00,561.00
           C 218.00,561.00 217.00,561.00 217.00,561.00
             217.00,561.00 218.00,562.00 218.00,562.00
             218.00,562.00 218.00,561.00 218.00,561.00 Z
           M 217.00,562.00
           C 217.00,562.00 216.00,562.00 216.00,562.00
             216.00,562.00 217.00,563.00 217.00,563.00
             217.00,563.00 217.00,562.00 217.00,562.00 Z
           M 729.00,561.00
           C 731.86,568.47 724.80,573.52 722.67,580.00
             720.69,586.02 725.05,585.78 729.00,584.00
             729.00,584.00 724.99,589.17 724.99,589.17
             722.45,593.82 724.51,598.49 715.00,603.00
             711.80,595.13 714.78,592.90 716.00,585.00
             713.30,586.23 705.56,590.62 703.13,590.04
             699.13,589.08 699.21,583.98 700.58,581.02
             702.74,576.38 706.40,575.10 711.00,574.00
             713.29,578.98 713.29,580.02 711.00,585.00
             720.34,580.57 723.63,569.26 729.00,561.00 Z
           M 216.00,563.00
           C 216.00,563.00 215.00,563.00 215.00,563.00
             215.00,563.00 216.00,564.00 216.00,564.00
             216.00,564.00 216.00,563.00 216.00,563.00 Z
           M 672.00,562.00
           C 674.12,567.82 669.86,573.46 666.53,577.99
             665.43,579.48 662.20,582.76 663.94,584.71
             665.42,586.37 667.55,584.92 668.80,583.80
             673.41,579.65 672.63,574.79 684.00,573.00
             683.62,577.70 682.28,580.92 677.00,581.00
             677.00,581.00 681.00,576.00 681.00,576.00
             677.38,578.27 676.45,578.64 676.00,583.00
             673.53,589.68 683.19,583.99 685.00,583.00
             682.00,588.32 673.99,595.35 671.00,586.00
             665.87,589.36 662.33,593.42 659.00,586.00
             655.42,589.17 654.73,589.99 650.00,591.00
             650.00,591.00 650.00,585.00 650.00,585.00
             645.07,589.62 642.29,592.77 639.00,585.00
             634.89,588.88 633.49,590.38 628.00,592.00
             628.00,592.00 626.00,584.00 626.00,584.00
             626.00,584.00 632.00,576.00 632.00,576.00
             632.00,576.00 628.00,576.00 628.00,576.00
             630.42,572.01 637.52,568.32 642.00,567.00
             642.00,567.00 639.79,573.70 639.79,573.70
             639.79,573.70 634.41,578.30 634.41,578.30
             634.41,578.30 631.00,587.00 631.00,587.00
             643.10,583.14 638.45,576.98 655.00,572.00
             655.00,572.00 654.00,587.00 654.00,587.00
             661.18,582.17 659.17,580.09 662.82,573.00
             665.34,568.10 667.72,565.40 672.00,562.00 Z
           M 215.00,564.00
           C 215.00,564.00 214.00,564.00 214.00,564.00
             214.00,564.00 215.00,565.00 215.00,565.00
             215.00,565.00 215.00,564.00 215.00,564.00 Z
           M 214.00,565.00
           C 214.00,565.00 213.00,565.00 213.00,565.00
             213.00,565.00 214.00,566.00 214.00,566.00
             214.00,566.00 214.00,565.00 214.00,565.00 Z
           M 671.00,567.00
           C 671.00,567.00 669.00,567.00 669.00,567.00
             669.00,567.00 664.00,578.00 664.00,578.00
             668.05,574.56 669.52,572.08 671.00,567.00 Z
           M 806.00,576.00
           C 808.42,572.01 815.52,568.32 820.00,567.00
             820.00,567.00 817.79,573.70 817.79,573.70
             817.79,573.70 812.41,578.30 812.41,578.30
             812.41,578.30 809.00,587.00 809.00,587.00
             809.00,587.00 818.00,584.00 818.00,584.00
             818.81,578.23 820.44,575.94 826.00,574.00
             824.88,580.96 821.38,581.62 821.42,584.41
             821.48,587.29 825.45,585.65 826.73,584.41
             831.17,580.73 828.83,576.66 840.00,574.00
             842.29,578.98 842.29,580.02 840.00,585.00
             840.00,585.00 852.00,576.00 852.00,576.00
             852.00,576.00 847.00,584.00 847.00,584.00
             847.00,584.00 861.00,574.00 861.00,574.00
             861.48,579.64 858.77,581.22 856.00,586.00
             863.98,583.28 867.73,576.17 874.00,571.00
             876.43,579.01 875.62,580.94 870.00,587.00
             870.00,587.00 878.00,584.00 878.00,584.00
             873.68,589.48 866.04,594.75 863.00,585.00
             863.00,585.00 853.00,591.00 853.00,591.00
             853.00,591.00 856.00,580.00 856.00,580.00
             856.00,580.00 846.00,590.00 846.00,590.00
             846.00,590.00 844.00,585.00 844.00,585.00
             839.17,587.92 831.69,594.08 829.00,586.00
             824.44,589.68 819.43,593.50 818.00,585.00
             818.00,585.00 806.00,592.00 806.00,592.00
             806.00,592.00 806.00,583.00 806.00,583.00
             803.25,585.34 794.97,591.53 791.27,589.72
             789.40,588.80 788.76,586.76 788.00,585.00
             788.00,585.00 778.00,591.00 778.00,591.00
             778.00,591.00 781.00,581.00 781.00,581.00
             781.00,581.00 769.00,590.00 769.00,590.00
             769.00,590.00 773.00,580.00 773.00,580.00
             773.00,580.00 762.00,590.00 762.00,590.00
             762.00,590.00 759.00,584.00 759.00,584.00
             757.96,586.00 757.74,586.71 755.86,588.20
             751.77,591.46 745.83,591.54 745.67,585.00
             745.58,581.37 748.19,577.71 751.04,575.70
             753.60,573.90 756.01,573.47 759.00,573.00
             758.62,577.70 757.28,580.92 752.00,581.00
             752.00,581.00 756.00,576.00 756.00,576.00
             752.38,578.27 751.45,578.64 751.00,583.00
             749.49,587.08 753.41,586.54 755.99,585.18
             761.96,582.03 760.97,578.41 768.00,575.00
             768.00,575.00 763.00,584.00 763.00,584.00
             763.00,584.00 777.00,574.00 777.00,574.00
             777.00,574.00 778.00,575.00 778.00,575.00
             778.00,575.00 773.00,585.00 773.00,585.00
             777.41,580.63 780.18,577.48 786.00,575.00
             786.00,575.00 782.00,586.00 782.00,586.00
             792.45,581.87 787.41,577.00 800.00,574.00
             802.29,578.98 802.29,580.02 800.00,585.00
             804.93,582.67 806.77,580.26 810.00,576.00
             810.00,576.00 806.00,576.00 806.00,576.00 Z
           M 211.00,569.00
           C 211.00,569.00 210.00,569.00 210.00,569.00
             210.00,569.00 211.00,570.00 211.00,570.00
             211.00,570.00 211.00,569.00 211.00,569.00 Z
           M 210.00,570.00
           C 210.00,570.00 209.00,570.00 209.00,570.00
             209.00,570.00 210.00,571.00 210.00,571.00
             210.00,571.00 210.00,570.00 210.00,570.00 Z
           M 209.00,571.00
           C 209.00,571.00 208.00,571.00 208.00,571.00
             208.00,571.00 209.00,572.00 209.00,572.00
             209.00,572.00 209.00,571.00 209.00,571.00 Z
           M 208.00,572.00
           C 208.00,572.00 207.00,572.00 207.00,572.00
             207.00,572.00 208.00,573.00 208.00,573.00
             208.00,573.00 208.00,572.00 208.00,572.00 Z
           M 654.00,576.00
           C 647.82,577.80 643.11,580.22 642.00,587.00
             648.10,585.21 650.90,581.30 654.00,576.00 Z
           M 710.00,577.00
           C 710.00,577.00 709.00,577.00 709.00,577.00
             709.00,577.00 710.00,578.00 710.00,578.00
             710.00,578.00 710.00,577.00 710.00,577.00 Z
           M 799.00,577.00
           C 799.00,577.00 798.00,577.00 798.00,577.00
             798.00,577.00 799.00,578.00 799.00,578.00
             799.00,578.00 799.00,577.00 799.00,577.00 Z
           M 839.00,577.00
           C 839.00,577.00 838.00,577.00 838.00,577.00
             838.00,577.00 839.00,578.00 839.00,578.00
             839.00,578.00 839.00,577.00 839.00,577.00 Z
           M 871.00,577.00
           C 871.00,577.00 865.00,584.00 865.00,584.00
             865.00,584.00 866.00,584.00 866.00,584.00
             866.00,584.00 867.00,586.00 867.00,586.00
             871.72,583.57 872.05,582.05 871.00,577.00 Z
           M 709.00,578.00
           C 703.90,580.47 702.64,582.43 702.00,588.00
             708.50,587.22 708.04,585.21 709.00,578.00 Z
           M 798.00,578.00
           C 792.90,580.47 791.64,582.43 791.00,588.00
             797.50,587.22 797.04,585.21 798.00,578.00 Z
           M 838.00,578.00
           C 832.90,580.47 831.64,582.43 831.00,588.00
             837.50,587.22 837.04,585.21 838.00,578.00 Z
           M 415.00,579.00
           C 415.00,579.00 414.00,579.00 414.00,579.00
             414.00,579.00 415.00,580.00 415.00,580.00
             415.00,580.00 415.00,579.00 415.00,579.00 Z
           M 782.00,580.00
           C 782.00,580.00 781.00,580.00 781.00,580.00
             781.00,580.00 782.00,581.00 782.00,581.00
             782.00,581.00 782.00,580.00 782.00,580.00 Z
           M 651.00,584.00
           C 651.00,584.00 650.00,584.00 650.00,584.00
             650.00,584.00 651.00,585.00 651.00,585.00
             651.00,585.00 651.00,584.00 651.00,584.00 Z
           M 555.00,585.00
           C 555.00,585.00 554.00,585.00 554.00,585.00
             554.00,585.00 555.00,586.00 555.00,586.00
             555.00,586.00 555.00,585.00 555.00,585.00 Z
           M 717.00,599.00
           C 718.42,598.22 719.06,598.16 720.15,596.71
             724.97,590.25 716.62,586.22 716.30,595.00
             716.24,596.70 716.60,597.46 717.00,599.00 Z" />
</svg>
